34.0
0.0
0.0
0.0
0.0
17.9
10.0
18.8
28.6
0.0
10.9
37.3
3.2
0.0
0.0
0.0
0.0
0.0
0.0
0.0
0.0
12.9
20.3
0.0
0.0
0.0
0.0
0.0
0.0
48.4
46.6
40.6
0.0
0.7
42.1
10.8
0.0
0.0
0.0
0.0
0.0
0.0
7.0
1.4
0.0
0.0
1.0
0.0
0.0
0.0
25.4
0.0
0.0
0.0
0.0
0.0
0.0
60.4
21.8
60.5
0.0
5.2
0.0
1.1
0.0
0.0
13.3
12.5
9.0
0.0
1.6
25.7
17.4
41.6
0.0
0.0
0.0
0.0
2.3
0.0
0.0
0.0
0.0
0.0
0.0
0.0
0.0
0.0
0.0
10.9
0.0
0.0
0.0
0.0
0.0
0.0
0.0
0.0
0.0
0.0
0.0
1.9
0.0
0.0
0.0
6.0
0.0
0.0
9.5
0.0
14.4
9.6
9.9
7.5
6.3
5.0
0.0
2.9
0.0
0.0
0.0
0.0
6.7
7.5
0.0
0.0
0.0
0.0
0.0
0.0
0.0
0.0
0.0
0.0
0.0
0.0
0.0
0.0
0.0
0.0
0.0
0.0
0.0
0.0
0.0
0.0
0.0
0.0
0.0
0.0
0.0
0.0
0.0
0.0
4.3
0.0
0.0
0.0
0.0
0.0
0.0
0.0
0.0
0.0
0.0
0.0
0.0
0.0
0.0
0.0
0.0
0.0
0.0
0.0
0.0
0.0
0.0
0.0
0.0
10.6
0.0
0.0
0.0
0.0
0.0
0.0
0.0
0.0
0.0
0.0
0.0
0.0
0.0
0.0
0.0
0.0
0.0
0.0
0.0
0.0
0.0
0.0
0.0
0.0
0.0
0.0
0.0
0.0
0.0
0.0
0.0
0.0
0.0
0.0
0.0
0.0
0.0
1.8
1.7
0.0
0.0
0.0
2.7
0.0
0.0
0.0
0.0
0.0
2.4
9.3
0.0
0.0
0.0
0.0
0.0
0.0
0.0
0.0
7.0
0.0
12.0
0.0
0.0
0.0
0.0
3.0
0.0
0.0
0.0
0.0
0.0
0.0
0.0
4.1
0.0
0.0
0.0
0.0
0.0
0.0
0.0
0.0
0.0
0.0
0.0
0.0
0.0
0.0
0.0
0.0
0.0
0.0
5.3
0.0
0.0
0.0
0.0
0.0
0.0
0.0
0.0
22.0
0.8
0.0
0.0
0.0
0.0
0.7
0.0
0.0
0.0
24.4
0.0
4.1
24.1
0.0
0.0
0.0
0.0
0.2
12.0
0.0
0.0
4.1
0.0
0.0
0.0
0.0
0.0
0.0
0.0
0.0
0.0
0.0
0.0
0.0
0.0
0.0
0.0
6.5
0.0
8.6
51.7
0.0
7.1
0.0
0.0
0.0
0.0
0.0
0.0
0.0
0.0
7.0
2.3
68.5
0.0
12.2
49.3
0.8
0.0
16.0
0.0
0.0
0.0
0.0
0.0
19.2
0.0
11.3
1.4
0.0
0.0
0.0
0.0
20.2
0.0
0.0
0.0
18.1
30.2
2.6
16.8
0.0
0.0
