-4.2
-1.9
-4.4
0.2
-3.0
-3.7
-2.7
-2.8
-0.6
-0.0
-2.8
-0.6
0.4
-1.3
0.2
-0.5
2.1
5.3
-1.2
-0.6
1.3
1.3
0.1
-0.9
2.1
3.6
0.6
2.2
2.4
5.5
4.4
4.0
2.0
1.8
4.4
3.8
3.5
2.3
5.7
3.8
3.3
6.1
6.4
2.4
2.9
2.4
5.7
6.0
5.0
7.9
8.2
8.0
8.6
7.8
5.7
7.3
8.9
6.9
8.0
7.3
7.8
5.9
8.9
6.6
9.3
7.1
6.8
6.6
8.6
5.9
7.4
9.1
5.9
3.8
6.7
4.9
6.9
8.4
6.2
5.7
7.4
6.6
7.2
5.4
6.7
3.6
8.7
7.2
8.1
8.3
8.7
9.1
6.8
9.7
8.1
9.3
10.4
9.5
10.7
10.3
8.9
12.5
13.9
12.7
15.1
13.9
17.0
16.6
16.8
17.1
14.0
20.6
16.9
17.3
20.2
21.9
18.4
21.8
23.4
22.5
21.2
23.3
28.4
22.7
23.8
23.1
26.5
21.9
25.2
27.5
27.6
25.3
25.8
26.9
27.7
25.5
27.6
25.5
28.3
30.5
27.4
31.9
28.2
26.0
26.0
31.6
28.4
28.4
29.0
28.2
32.9
30.1
29.1
33.4
28.6
28.7
29.7
30.3
30.1
31.8
29.4
32.8
31.8
31.0
31.5
27.5
30.4
31.2
30.0
32.3
33.9
31.5
31.5
32.5
33.5
33.9
32.6
31.1
32.3
32.9
34.8
36.6
36.2
38.4
33.7
34.3
37.9
39.6
37.2
35.2
37.9
38.7
36.8
40.0
36.1
35.2
37.0
38.7
37.9
37.9
35.2
34.2
38.7
34.8
35.6
37.1
39.3
41.0
40.5
40.2
39.4
38.7
36.6
39.4
39.3
36.2
38.4
36.1
31.8
29.9
29.8
27.9
26.5
27.5
25.6
29.3
27.9
24.6
23.5
23.6
26.3
22.4
25.4
23.8
23.8
20.5
22.9
22.9
22.5
18.7
23.1
22.1
20.4
18.2
19.1
20.9
25.7
18.3
22.2
19.2
20.9
19.0
19.0
19.0
18.1
20.0
17.1
18.1
18.3
16.9
18.2
18.0
18.7
18.0
17.7
11.7
16.6
15.9
19.5
14.0
16.5
15.8
16.5
16.9
12.4
12.4
11.3
10.8
13.6
13.8
12.5
10.1
13.9
8.7
7.5
13.8
8.7
7.5
7.3
7.3
7.6
8.0
5.4
9.6
9.4
7.9
9.6
10.0
10.0
8.9
8.1
8.1
7.2
10.9
5.4
9.6
8.8
8.4
9.6
10.9
8.9
9.0
10.4
9.6
8.3
9.7
7.3
7.5
9.0
8.1
8.7
8.6
6.9
6.6
5.1
7.6
9.0
5.0
4.6
6.6
6.1
6.7
5.4
9.4
4.7
5.7
5.1
6.2
5.5
1.8
3.1
3.8
5.5
2.2
1.4
6.7
4.7
5.2
3.8
-0.5
4.0
7.8
1.8
2.4
4.0
-0.7
1.4
1.1
1.6
0.7
1.3
2.1
3.0
-1.6
3.0
