-3.2
-2.3
-2.2
1.0
-5.6
-5.6
-4.8
-4.8
1.0
-4.4
-1.9
-2.2
-0.4
-2.5
-1.3
-1.7
-0.9
2.8
-2.8
-2.4
-2.4
-0.5
-1.3
-5.6
-1.6
0.6
-4.4
0.0
-0.1
4.7
2.3
1.2
0.9
-0.4
2.5
2.3
1.0
-2.7
-0.2
-0.1
-1.3
-0.3
3.0
0.5
0.6
-1.1
-0.5
-0.5
1.6
2.9
4.0
2.6
2.5
2.8
1.6
3.6
4.2
3.1
2.9
5.8
3.2
3.3
6.1
3.1
3.8
4.2
2.3
2.2
4.9
2.8
2.4
8.2
2.5
-0.9
4.7
1.1
5.2
3.8
3.2
-0.8
3.8
6.3
3.7
3.5
3.5
0.4
2.8
4.2
6.1
3.2
2.1
4.1
2.8
8.5
4.4
7.8
6.9
4.9
7.9
6.2
4.0
7.2
8.8
7.5
9.6
10.8
11.1
8.8
10.9
10.2
6.4
13.9
11.4
10.2
14.1
14.4
10.4
16.9
15.2
14.0
12.7
14.4
17.9
15.6
17.4
16.1
15.6
13.1
16.6
14.8
16.0
16.6
16.5
15.7
18.3
17.6
18.4
16.6
18.3
22.6
18.8
22.5
17.8
17.7
18.1
20.8
18.9
17.2
20.8
20.6
20.4
20.2
16.3
22.0
18.4
17.4
20.7
20.7
19.1
22.4
21.5
26.3
20.0
21.8
23.5
19.2
20.9
18.1
22.3
21.0
22.1
20.7
21.4
19.3
20.8
20.8
22.0
22.6
18.4
21.3
27.1
24.4
25.1
27.4
20.7
24.0
25.1
24.8
23.3
23.5
24.6
25.2
22.9
29.0
23.6
24.2
24.6
28.4
27.0
23.9
24.5
22.3
26.5
22.4
24.3
24.8
26.8
27.8
28.2
26.4
25.1
24.3
25.5
26.4
28.8
25.1
25.7
26.5
21.2
22.1
17.5
20.2
16.6
18.8
14.7
19.4
19.4
15.0
17.2
15.0
16.8
12.8
15.8
14.7
14.6
11.2
14.0
15.1
13.8
11.6
13.6
14.0
12.9
11.4
12.8
15.3
11.7
11.4
14.1
11.7
15.1
12.9
12.5
13.0
11.0
12.1
11.5
12.2
8.9
8.5
8.9
10.6
10.1
10.2
11.8
6.1
11.7
9.7
10.8
9.3
8.6
6.1
8.3
7.6
8.3
10.1
4.9
6.0
9.1
8.9
5.7
4.9
11.7
2.4
5.0
7.2
2.7
-0.0
2.5
3.0
5.8
6.0
-0.7
3.7
6.7
2.8
6.5
4.5
6.2
1.7
2.7
5.3
5.3
5.8
3.0
4.2
5.0
6.9
9.1
3.2
3.8
5.7
5.1
5.4
5.1
4.2
2.6
7.3
5.8
5.6
7.1
4.0
3.7
2.2
1.2
5.4
5.8
3.3
3.5
1.9
2.3
1.8
1.7
3.9
2.3
0.0
3.5
3.0
2.4
-1.7
3.0
1.6
-0.8
-0.6
-2.4
1.6
3.4
3.1
2.7
-1.0
0.3
4.6
-0.3
2.5
0.6
-2.5
0.1
-2.6
-1.9
-0.5
-1.5
-0.9
1.4
-6.0
